Plot,4SF-LFW,4SF-MEDS,Eigenfaces-LFW,Eigenfaces-MEDS,X
DET,0.01344,0.085305,0.000345,0.001034,1e-06
DET,0.013818,0.0877,0.000354,0.001063,1.02807e-06
DET,0.014206,0.090162,0.000364,0.001093,1.05694e-06
DET,0.014604,0.092693,0.000374,0.001124,1.08661e-06
DET,0.015014,0.095295,0.000385,0.001155,1.11711e-06
DET,0.015436,0.09797,0.000396,0.001188,1.14847e-06
DET,0.015869,0.100721,0.000407,0.001221,1.18071e-06
DET,0.016315,0.103548,0.000418,0.001255,1.21386e-06
DET,0.016773,0.106455,0.00043,0.00129,1.24794e-06
DET,0.017243,0.109444,0.000442,0.001327,1.28297e-06
DET,0.017728,0.112516,0.000455,0.001364,1.31899e-06
DET,0.018225,0.115675,0.000467,0.001402,1.35602e-06
DET,0.018737,0.118922,0.00048,0.001441,1.39408e-06
DET,0.019263,0.122261,0.000494,0.001482,1.43322e-06
DET,0.019804,0.125693,0.000508,0.001524,1.47345e-06
DET,0.02036,0.129222,0.000522,0.001566,1.51482e-06
DET,0.020931,0.132849,0.000537,0.00161,1.55734e-06
DET,0.021519,0.136579,0.000552,0.001656,1.60106e-06
DET,0.022123,0.140413,0.000567,0.001702,1.64601e-06
DET,0.022744,0.144355,0.000583,0.00175,1.69222e-06
DET,0.023382,0.148407,0.0006,0.001799,1.73973e-06
DET,0.024039,0.152574,0.000616,0.001849,1.78857e-06
DET,0.024714,0.156857,0.000634,0.001901,1.83878e-06
DET,0.025407,0.16126,0.000651,0.001955,1.8904e-06
DET,0.026121,0.165787,0.00067,0.00201,1.94347e-06
DET,0.026854,0.170442,0.000689,0.002066,1.99803e-06
DET,0.027608,0.175227,0.000708,0.002124,2.05412e-06
DET,0.028383,0.180146,0.000728,0.002184,2.11178e-06
DET,0.02918,0.185203,0.000748,0.002245,2.17107e-06
DET,0.029999,0.190402,0.000769,0.002308,2.23202e-06
DET,0.030841,0.195747,0.000791,0.002373,2.29468e-06
DET,0.031707,0.201243,0.000813,0.002439,2.3591e-06
DET,0.032597,0.206892,0.000836,0.002508,2.42532e-06
DET,0.033512,0.2127,0.000859,0.002578,2.49341e-06
DET,0.034453,0.218672,0.000883,0.002651,2.56341e-06
DET,0.03542,0.22481,0.000908,0.002725,2.63537e-06
DET,0.036414,0.231121,0.000934,0.002801,2.70935e-06
DET,0.037437,0.236508,0.00096,0.002887,2.78541e-06
DET,0.038488,0.237155,0.000962,0.003009,2.86361e-06
DET,0.039568,0.23782,0.000963,0.003133,2.944e-06
DET,0.040679,0.238503,0.000965,0.003262,3.02665e-06
DET,0.041821,0.239206,0.000966,0.003393,3.11161e-06
DET,0.042995,0.239929,0.000968,0.003529,3.19897e-06
DET,0.044202,0.240672,0.000969,0.003668,3.28877e-06
DET,0.045443,0.241436,0.000971,0.003811,3.3811e-06
DET,0.046719,0.242221,0.000973,0.003959,3.47602e-06
DET,0.04803,0.243028,0.000974,0.00411,3.5736e-06
DET,0.049379,0.243858,0.000976,0.004266,3.67392e-06
DET,0.050765,0.244711,0.000978,0.004426,3.77706e-06
DET,0.05219,0.245588,0.000979,0.00459,3.8831e-06
DET,0.053655,0.24649,0.000981,0.004759,3.99211e-06
DET,0.055161,0.247417,0.000983,0.004933,4.10418e-06
DET,0.05671,0.24837,0.000985,0.005112,4.2194e-06
DET,0.058302,0.24935,0.000987,0.005295,4.33785e-06
DET,0.059939,0.250357,0.000989,0.005484,4.45963e-06
DET,0.061621,0.251393,0.000992,0.005678,4.58482e-06
DET,0.063351,0.252457,0.000994,0.005878,4.71353e-06
DET,0.06513,0.253552,0.000996,0.006083,4.84586e-06
DET,0.066958,0.254677,0.000998,0.006294,4.9819e-06
DET,0.068838,0.255834,0.001001,0.006511,5.12175e-06
DET,0.07077,0.257024,0.001003,0.006734,5.26554e-06
DET,0.072757,0.258246,0.001006,0.006963,5.41336e-06
DET,0.0748,0.259492,0.001009,0.007175,5.56533e-06
DET,0.075585,0.260703,0.001011,0.007256,5.72157e-06
DET,0.076305,0.261949,0.001014,0.007339,5.88219e-06
DET,0.077045,0.263229,0.001017,0.007424,6.04732e-06
DET,0.077805,0.264546,0.00102,0.007512,6.21709e-06
DET,0.078587,0.265899,0.001023,0.007602,6.39162e-06
DET,0.079391,0.267291,0.001026,0.007695,6.57105e-06
DET,0.080217,0.268722,0.001029,0.007791,6.75553e-06
DET,0.081067,0.270192,0.001032,0.007889,6.94518e-06
DET,0.081941,0.271704,0.001036,0.007989,7.14015e-06
DET,0.082839,0.273259,0.001039,0.008093,7.34059e-06
DET,0.083762,0.274857,0.001043,0.0082,7.54668e-06
DET,0.084711,0.2765,0.001046,0.008309,7.75853e-06
DET,0.085687,0.278189,0.00105,0.008422,7.97634e-06
DET,0.08669,0.279925,0.001054,0.008538,8.20027e-06
DET,0.087592,0.280923,0.001058,0.008657,8.43047e-06
DET,0.088204,0.281168,0.001062,0.008779,8.66714e-06
DET,0.088833,0.28142,0.001066,0.008905,8.91045e-06
DET,0.089479,0.281678,0.00107,0.009034,9.16059e-06
DET,0.090144,0.281944,0.001075,0.009167,9.41777e-06
DET,0.090827,0.282218,0.001079,0.009304,9.68215e-06
DET,0.09153,0.282499,0.001084,0.009444,9.95396e-06
DET,0.092252,0.282788,0.001089,0.009589,1.02334e-05
DET,0.092995,0.283085,0.001094,0.009737,1.05207e-05
DET,0.093758,0.28339,0.001099,0.00989,1.0816e-05
DET,0.094543,0.283777,0.001104,0.010047,1.11197e-05
DET,0.09535,0.284745,0.00111,0.010208,1.14318e-05
DET,0.096179,0.285741,0.001115,0.010374,1.17528e-05
DET,0.097032,0.286764,0.001121,0.010545,1.20827e-05
DET,0.097909,0.287816,0.001127,0.01072,1.24219e-05
DET,0.09881,0.288898,0.001133,0.0109,1.27706e-05
DET,0.099737,0.29001,0.001139,0.011086,1.31291e-05
DET,0.100689,0.291154,0.001145,0.011276,1.34977e-05
DET,0.101669,0.292274,0.001152,0.011472,1.38766e-05
DET,0.101939,0.292476,0.001158,0.011674,1.42662e-05
DET,0.102077,0.292683,0.001165,0.011881,1.46667e-05
DET,0.102218,0.292896,0.001172,0.012094,1.50784e-05
DET,0.102364,0.293115,0.00118,0.012312,1.55017e-05
DET,0.102514,0.29334,0.001187,0.012537,1.59369e-05
DET,0.102669,0.293571,0.001195,0.012769,1.63843e-05
DET,0.102806,0.293921,0.001203,0.012908,1.68443e-05
DET,0.102888,0.29441,0.001211,0.012939,1.73172e-05
DET,0.102972,0.294913,0.001219,0.01297,1.78033e-05
DET,0.103058,0.29543,0.001228,0.013002,1.83031e-05
DET,0.103146,0.295961,0.001237,0.013036,1.88169e-05
DET,0.103237,0.296507,0.001246,0.01307,1.93452e-05
DET,0.103331,0.297069,0.001255,0.013105,1.98883e-05
DET,0.103427,0.297646,0.001265,0.013141,2.04466e-05
DET,0.103526,0.29824,0.001275,0.013178,2.10206e-05
DET,0.103628,0.29885,0.001285,0.013216,2.16107e-05
DET,0.103732,0.299552,0.001295,0.013255,2.22174e-05
DET,0.10384,0.301165,0.001306,0.013296,2.28411e-05
DET,0.10395,0.302822,0.001317,0.013337,2.34823e-05
DET,0.104064,0.304526,0.001329,0.01338,2.41416e-05
DET,0.104181,0.306278,0.00134,0.013423,2.48193e-05
DET,0.104301,0.306888,0.001352,0.013468,2.55161e-05
DET,0.104424,0.307258,0.001365,0.013515,2.62324e-05
DET,0.104551,0.307639,0.001377,0.013562,2.69688e-05
DET,0.104681,0.308053,0.00139,0.013611,2.77259e-05
DET,0.104816,0.309663,0.001404,0.013662,2.85043e-05
DET,0.104953,0.311318,0.001418,0.013713,2.93045e-05
DET,0.105095,0.313019,0.001432,0.013766,3.01272e-05
DET,0.105241,0.314007,0.001446,0.013821,3.09729e-05
DET,0.105391,0.314457,0.001461,0.013877,3.18424e-05
DET,0.105545,0.314919,0.001477,0.013935,3.27363e-05
DET,0.105916,0.316018,0.001493,0.013994,3.36553e-05
DET,0.107056,0.317971,0.001509,0.014055,3.46002e-05
DET,0.108227,0.31998,0.001526,0.014118,3.55715e-05
DET,0.109432,0.321199,0.001543,0.014183,3.65701e-05
DET,0.11067,0.32173,0.00156,0.014249,3.75968e-05
DET,0.111943,0.322276,0.001579,0.014317,3.86522e-05
DET,0.112638,0.323323,0.001597,0.01457,3.97373e-05
DET,0.113022,0.324477,0.001617,0.014858,4.08528e-05
DET,0.113391,0.325886,0.001636,0.015155,4.19997e-05
DET,0.113635,0.327715,0.001657,0.01546,4.31788e-05
DET,0.113886,0.329925,0.001678,0.015762,4.4391e-05
DET,0.114144,0.339589,0.001699,0.01582,4.56371e-05
DET,0.114408,0.349525,0.001721,0.015881,4.69184e-05
DET,0.114681,0.351294,0.001744,0.015943,4.82355e-05
DET,0.114961,0.351644,0.001767,0.016006,4.95896e-05
DET,0.115249,0.352004,0.001791,0.016072,5.09817e-05
DET,0.115545,0.352374,0.001816,0.016139,5.24129e-05
DET,0.115849,0.355624,0.001841,0.016208,5.38844e-05
DET,0.116162,0.359534,0.001867,0.016279,5.53971e-05
DET,0.116442,0.36039,0.001894,0.016352,5.69522e-05
DET,0.116717,0.361771,0.001922,0.016427,5.85511e-05
DET,0.117,0.365171,0.001965,0.016505,6.01948e-05
DET,0.118162,0.368665,0.00201,0.016584,6.18847e-05
DET,0.121155,0.372258,0.002056,0.016666,6.36219e-05
DET,0.122892,0.377681,0.002103,0.01675,6.54081e-05
DET,0.124038,0.38147,0.002152,0.016836,6.72443e-05
DET,0.124689,0.382446,0.002202,0.016925,6.9132e-05
DET,0.125836,0.38345,0.002254,0.017016,7.10728e-05
DET,0.127211,0.384218,0.002306,0.01711,7.30681e-05
DET,0.128625,0.384748,0.002361,0.017347,7.51193e-05
DET,0.128858,0.385293,0.002417,0.018437,7.72281e-05
DET,0.129007,0.388186,0.002474,0.019558,7.93961e-05
DET,0.129161,0.390991,0.002533,0.020188,8.16251e-05
DET,0.129319,0.392955,0.002594,0.020425,8.39166e-05
DET,0.129481,0.394078,0.002657,0.020668,8.62723e-05
DET,0.129648,0.394704,0.002721,0.020919,8.86944e-05
DET,0.129911,0.395348,0.002787,0.021176,9.11843e-05
DET,0.130205,0.400167,0.002855,0.021441,9.37441e-05
DET,0.130508,0.404493,0.002924,0.021629,9.63758e-05
DET,0.13274,0.405985,0.002996,0.021804,9.90813e-05
DET,0.136574,0.406704,0.00307,0.021984,0.000101863
DET,0.140516,0.407443,0.003146,0.022169,0.000104723
DET,0.142471,0.408203,0.003224,0.022359,0.000107662
DET,0.142992,0.40966,0.003304,0.022554,0.000110685
DET,0.143922,0.41122,0.003386,0.022755,0.000113792
DET,0.146885,0.412046,0.003471,0.023233,0.000116987
DET,0.147525,0.412723,0.003558,0.024547,0.000120271
DET,0.14805,0.413072,0.003647,0.025129,0.000123647
DET,0.148448,0.413431,0.003739,0.025727,0.000127118
DET,0.148858,0.4138,0.003834,0.025954,0.000130687
DET,0.150048,0.415428,0.004073,0.026144,0.000134356
DET,0.150905,0.418117,0.004333,0.026339,0.000138128
DET,0.151128,0.421174,0.0046,0.026539,0.000142005
DET,0.151357,0.425991,0.005523,0.026745,0.000145992
DET,0.151592,0.427865,0.006826,0.026957,0.00015009
DET,0.152463,0.432828,0.007007,0.027175,0.000154304
DET,0.154573,0.433201,0.007194,0.027284,0.000158636
DET,0.157085,0.433585,0.007386,0.027367,0.000163089
DET,0.158778,0.433979,0.007583,0.027451,0.000167668
DET,0.159183,0.435579,0.007786,0.027538,0.000172374
DET,0.159523,0.435996,0.007994,0.027627,0.000177214
DET,0.159714,0.436424,0.008209,0.027719,0.000182188
DET,0.15991,0.436865,0.008429,0.027814,0.000187303
DET,0.160111,0.439796,0.008655,0.027911,0.000192561
DET,0.160318,0.441604,0.008888,0.028011,0.000197967
DET,0.160748,0.442083,0.009128,0.028113,0.000203525
DET,0.161414,0.442576,0.009374,0.028219,0.000209238
DET,0.163005,0.444575,0.009627,0.028327,0.000215112
DET,0.171004,0.447868,0.009887,0.028439,0.000221151
DET,0.174143,0.451312,0.010154,0.028553,0.00022736
DET,0.175243,0.452412,0.010429,0.029154,0.000233742
DET,0.179581,0.454669,0.010799,0.03169,0.000240304
DET,0.187493,0.456413,0.011264,0.032271,0.00024705
DET,0.188176,0.459391,0.011742,0.032869,0.000253986
DET,0.188878,0.464238,0.012234,0.033103,0.000261116
DET,0.189868,0.464869,0.014442,0.033284,0.000268446
DET,0.191165,0.465519,0.01473,0.033469,0.000275983
DET,0.191832,0.467546,0.015027,0.03366,0.00028373
DET,0.19265,0.46867,0.015332,0.033856,0.000291696
DET,0.194605,0.470205,0.015426,0.034058,0.000299884
DET,0.19563,0.47093,0.015492,0.034265,0.000308303
DET,0.196513,0.471629,0.01556,0.034564,0.000316958
DET,0.19832,0.472286,0.01563,0.034982,0.000325856
DET,0.199878,0.473099,0.015701,0.035412,0.000335004
DET,0.201175,0.474621,0.015775,0.035885,0.000344409
DET,0.20283,0.478348,0.015851,0.036718,0.000354077
DET,0.20332,0.486191,0.015929,0.038786,0.000364017
DET,0.203823,0.490222,0.016009,0.039842,0.000374237
DET,0.20434,0.491127,0.016091,0.040623,0.000384743
DET,0.204915,0.494387,0.016176,0.041321,0.000395544
DET,0.205553,0.495025,0.016262,0.043336,0.000406648
DET,0.209396,0.495681,0.01638,0.045749,0.000418064
DET,0.209861,0.498711,0.016593,0.046824,0.0004298
DET,0.210323,0.504949,0.016812,0.050794,0.000441866
DET,0.213235,0.50993,0.017037,0.051724,0.000454271
DET,0.213393,0.51163,0.017268,0.051898,0.000467023
DET,0.213534,0.512152,0.017406,0.052076,0.000480134
DET,0.213679,0.512688,0.017537,0.052259,0.000493613
DET,0.213829,0.515944,0.017671,0.052448,0.00050747
DET,0.213982,0.517872,0.01781,0.052642,0.000521717
DET,0.21414,0.51942,0.017952,0.052841,0.000536363
DET,0.214634,0.521487,0.018098,0.053166,0.000551421
DET,0.215455,0.522156,0.018248,0.054055,0.000566901
DET,0.216243,0.522841,0.018403,0.055985,0.000582815
DET,0.216807,0.52417,0.018562,0.056483,0.000599177
DET,0.218535,0.525303,0.018725,0.056994,0.000615998
DET,0.220858,0.526086,0.018893,0.057498,0.000633291
DET,0.221977,0.526626,0.019065,0.057981,0.000651069
DET,0.222168,0.527182,0.019755,0.058479,0.000669347
DET,0.222364,0.527918,0.021472,0.059037,0.000688138
DET,0.222566,0.529078,0.022077,0.059661,0.000707456
DET,0.222773,0.530928,0.023297,0.061826,0.000727316
DET,0.223316,0.533826,0.025216,0.06373,0.000747734
DET,0.224491,0.53663,0.027189,0.064593,0.000768726
DET,0.225354,0.541826,0.028834,0.064992,0.000790306
DET,0.225947,0.546189,0.028913,0.065401,0.000812493
DET,0.226424,0.547855,0.028995,0.065822,0.000835302
DET,0.226913,0.549615,0.029079,0.067,0.000858752
DET,0.227417,0.551902,0.029166,0.068385,0.00088286
DET,0.229061,0.553642,0.029255,0.068981,0.000907645
DET,0.229658,0.55484,0.029346,0.06928,0.000933125
DET,0.229799,0.555637,0.02944,0.069588,0.000959321
DET,0.229944,0.559171,0.029537,0.069904,0.000986252
DET,0.230094,0.560926,0.029637,0.070241,0.00101394
DET,0.230247,0.563278,0.029739,0.070701,0.0010424
DET,0.230404,0.565341,0.029844,0.071173,0.00107167
DET,0.23152,0.56645,0.029952,0.071703,0.00110175
DET,0.232027,0.56823,0.030063,0.073036,0.00113268
DET,0.233534,0.570089,0.030177,0.073831,0.00116448
DET,0.234767,0.570887,0.030294,0.07474,0.00119717
DET,0.236446,0.571657,0.030415,0.076054,0.00123078
DET,0.237554,0.573713,0.030539,0.076769,0.00126533
DET,0.238778,0.576017,0.030666,0.078857,0.00130085
DET,0.240815,0.576804,0.030968,0.079412,0.00133737
DET,0.243167,0.577623,0.0315,0.079983,0.00137492
DET,0.24487,0.578491,0.032046,0.081283,0.00141352
DET,0.246358,0.580145,0.032608,0.082173,0.0014532
DET,0.247288,0.584715,0.033186,0.082832,0.00149399
DET,0.248874,0.590664,0.033693,0.084623,0.00153593
DET,0.249445,0.59297,0.033968,0.086544,0.00157905
DET,0.249952,0.600353,0.034251,0.087334,0.00162338
DET,0.250376,0.600739,0.034542,0.090826,0.00166896
DET,0.252778,0.601136,0.034741,0.091499,0.00171581
DET,0.2537,0.601544,0.03493,0.092177,0.00176398
DET,0.254799,0.602201,0.035124,0.092869,0.0018135
DET,0.257426,0.60305,0.035323,0.096065,0.00186441
DET,0.26141,0.610252,0.035528,0.097516,0.00191675
DET,0.26276,0.614845,0.037638,0.097908,0.00197056
DET,0.263933,0.616407,0.038025,0.09831,0.00202588
DET,0.264476,0.617224,0.038422,0.098725,0.00208275
DET,0.264829,0.620932,0.03883,0.100023,0.00214122
DET,0.267085,0.623607,0.03925,0.100872,0.00220133
DET,0.267519,0.62479,0.039682,0.101582,0.00226313
DET,0.267966,0.625387,0.040126,0.103597,0.00232666
DET,0.26884,0.626001,0.040652,0.104316,0.00239198
DET,0.269784,0.629706,0.041261,0.104857,0.00245913
DET,0.270413,0.633187,0.041845,0.105298,0.00252817
DET,0.271222,0.635562,0.042441,0.105751,0.00259914
DET,0.27314,0.63756,0.043055,0.10837,0.00267211
DET,0.275031,0.638077,0.04749,0.110762,0.00274712
DET,0.277845,0.638609,0.048347,0.111629,0.00282424
DET,0.279377,0.639131,0.04913,0.113395,0.00290353
DET,0.280721,0.639621,0.04966,0.11398,0.00298504
DET,0.281236,0.640125,0.050007,0.114582,0.00306884
DET,0.282175,0.641702,0.050128,0.115935,0.00315499
DET,0.283007,0.643571,0.050252,0.116609,0.00324356
DET,0.284608,0.644443,0.050381,0.117237,0.00333462
DET,0.285833,0.646746,0.050512,0.120053,0.00342823
DET,0.287093,0.647896,0.050648,0.122198,0.00352447
DET,0.288745,0.651656,0.050787,0.12272,0.00362341
DET,0.289967,0.654004,0.051177,0.123247,0.00372514
DET,0.291557,0.655445,0.052034,0.123683,0.00382971
DET,0.293192,0.656681,0.052273,0.124131,0.00393723
DET,0.294872,0.65778,0.052519,0.124592,0.00404776
DET,0.29536,0.660558,0.052771,0.125463,0.00416139
DET,0.295833,0.662941,0.053031,0.127,0.00427821
DET,0.297556,0.667188,0.053298,0.129124,0.00439832
DET,0.301147,0.668404,0.053573,0.129631,0.00452179
DET,0.302511,0.670119,0.053851,0.130152,0.00464873
DET,0.303912,0.674794,0.054123,0.134101,0.00477924
DET,0.304664,0.675419,0.054402,0.138043,0.00491341
DET,0.305848,0.676061,0.054689,0.143732,0.00505134
DET,0.309267,0.678346,0.054985,0.145503,0.00519315
DET,0.311777,0.679346,0.055288,0.147257,0.00533894
DET,0.316863,0.679746,0.0556,0.148043,0.00548882
DET,0.318598,0.680156,0.0593,0.148665,0.00564291
DET,0.321304,0.680611,0.059946,0.151363,0.00580132
DET,0.321868,0.681269,0.060416,0.152921,0.00596418
DET,0.322089,0.681945,0.060898,0.153921,0.00613162
DET,0.322318,0.68299,0.061395,0.154777,0.00630375
DET,0.322552,0.684291,0.06162,0.155322,0.00648072
DET,0.322856,0.686624,0.061793,0.155882,0.00666265
DET,0.323682,0.688338,0.061971,0.157724,0.00684969
DET,0.325926,0.691696,0.062154,0.160309,0.00704199
DET,0.32794,0.696996,0.062342,0.162121,0.00723968
DET,0.328466,0.699842,0.062983,0.164711,0.00744292
DET,0.331562,0.700853,0.064131,0.167063,0.00765187
DET,0.334423,0.701872,0.065323,0.169408,0.00786668
DET,0.335424,0.702919,0.065663,0.170241,0.00808752
DET,0.337941,0.703873,0.066013,0.174056,0.00831457
DET,0.341526,0.704735,0.066373,0.17786,0.00854798
DET,0.345383,0.708006,0.066743,0.178948,0.00878795
DET,0.347912,0.709731,0.067124,0.182158,0.00903466
DET,0.348306,0.710507,0.068123,0.182702,0.00928829
DET,0.34877,0.712399,0.069614,0.183262,0.00954904
DET,0.350273,0.713282,0.070485,0.184994,0.00981712
DET,0.351581,0.716155,0.07096,0.186913,0.0100927
DET,0.3566,0.718852,0.071622,0.190572,0.010376
DET,0.362547,0.72225,0.072497,0.193813,0.0106673
DET,0.363468,0.725223,0.073575,0.196677,0.0109668
DET,0.364823,0.72959,0.074683,0.198192,0.0112747
DET,0.369433,0.732108,0.075822,0.199245,0.0115912
DET,0.373872,0.733147,0.077375,0.199736,0.0119166
DET,0.378445,0.735213,0.081835,0.200242,0.0122511
DET,0.380839,0.73568,0.083173,0.203707,0.0125951
DET,0.381313,0.736159,0.083952,0.205809,0.0129487
DET,0.385486,0.740907,0.084503,0.207494,0.0133122
DET,0.387076,0.744533,0.084698,0.209567,0.0136859
DET,0.396179,0.74699,0.084876,0.210359,0.0140701
DET,0.397868,0.748158,0.08506,0.212988,0.0144651
DET,0.399724,0.749257,0.085248,0.216504,0.0148712
DET,0.400794,0.750117,0.085441,0.217959,0.0152886
DET,0.403696,0.752309,0.086136,0.218765,0.0157178
DET,0.406095,0.755882,0.088207,0.21955,0.0161591
DET,0.406951,0.759653,0.091298,0.220307,0.0166127
DET,0.407794,0.761374,0.092922,0.223726,0.0170791
DET,0.409313,0.764059,0.094698,0.225653,0.0175586
DET,0.412907,0.76567,0.096364,0.227195,0.0180515
DET,0.414672,0.766419,0.100983,0.228385,0.0185583
DET,0.415698,0.769505,0.103983,0.229704,0.0190792
DET,0.417098,0.771021,0.108633,0.230823,0.0196148
DET,0.419571,0.772549,0.112786,0.23219,0.0201655
DET,0.423031,0.774837,0.114232,0.235294,0.0207316
DET,0.425878,0.778847,0.114943,0.23607,0.0213136
DET,0.428492,0.780186,0.115642,0.237307,0.021912
DET,0.42991,0.783394,0.117609,0.238991,0.0225271
DET,0.432167,0.786236,0.120271,0.24238,0.0231595
DET,0.435707,0.787959,0.123227,0.246618,0.0238097
DET,0.438465,0.789208,0.126495,0.250008,0.0244781
DET,0.439709,0.792625,0.129084,0.251167,0.0251653
DET,0.44337,0.793199,0.132462,0.255228,0.0258717
DET,0.444647,0.7947,0.13737,0.258044,0.026598
DET,0.446477,0.799084,0.141889,0.270806,0.0273447
DET,0.45058,0.799703,0.142484,0.277277,0.0281124
DET,0.453205,0.800044,0.142894,0.279543,0.0289016
DET,0.454319,0.800396,0.144933,0.28368,0.0297129
DET,0.458168,0.800757,0.148499,0.284503,0.0305471
DET,0.460281,0.803427,0.149591,0.289735,0.0314047
DET,0.460644,0.804272,0.15114,0.292997,0.0322863
DET,0.461017,0.804943,0.153879,0.295197,0.0331926
DET,0.463687,0.805972,0.155411,0.296454,0.0341245
DET,0.470971,0.807324,0.164384,0.301248,0.0350825
DET,0.479465,0.808594,0.166326,0.30987,0.0360673
DET,0.481336,0.81121,0.16737,0.311832,0.0370799
DET,0.481866,0.813243,0.170519,0.315117,0.0381208
DET,0.482678,0.818941,0.172189,0.316334,0.039191
DET,0.484054,0.824947,0.175285,0.317705,0.0402912
DET,0.485762,0.826454,0.182588,0.324023,0.0414223
DET,0.489102,0.829998,0.183102,0.325089,0.0425852
DET,0.493202,0.834128,0.186057,0.326397,0.0437807
DET,0.498577,0.834881,0.187384,0.33262,0.0450097
DET,0.501807,0.835447,0.190866,0.334484,0.0462733
DET,0.506001,0.835841,0.193977,0.339955,0.0475724
DET,0.510644,0.836246,0.196147,0.344568,0.0489079
DET,0.513079,0.836662,0.201256,0.349421,0.0502809
DET,0.517839,0.846518,0.202317,0.352405,0.0516924
DET,0.518368,0.852571,0.205554,0.357067,0.0531436
DET,0.520193,0.857475,0.209088,0.359447,0.0546355
DET,0.525861,0.858924,0.210733,0.362417,0.0561693
DET,0.527536,0.860332,0.211211,0.369019,0.0577461
DET,0.528057,0.864244,0.212987,0.37865,0.0593673
DET,0.529478,0.865749,0.215323,0.384321,0.0610339
DET,0.535245,0.866661,0.21597,0.39056,0.0627473
DET,0.539209,0.867692,0.220261,0.391991,0.0645088
DET,0.54108,0.874368,0.221413,0.395863,0.0663198
DET,0.543398,0.876275,0.224143,0.404735,0.0681816
DET,0.544908,0.877254,0.22583,0.409609,0.0700957
DET,0.553077,0.877997,0.228064,0.416219,0.0720635
DET,0.557008,0.878883,0.232524,0.41782,0.0740866
DET,0.565848,0.879825,0.233158,0.420633,0.0761664
DET,0.567285,0.8807,0.234108,0.424523,0.0783046
DET,0.569925,0.882964,0.235306,0.427407,0.0805029
DET,0.570561,0.883823,0.237821,0.431742,0.0827629
DET,0.576432,0.884713,0.241386,0.434697,0.0850863
DET,0.591158,0.885798,0.246519,0.436792,0.0874749
DET,0.595002,0.888229,0.248309,0.438118,0.0899306
DET,0.597451,0.890543,0.250815,0.445715,0.0924553
DET,0.600404,0.891696,0.256951,0.45327,0.0950508
DET,0.6019,0.892902,0.263222,0.458683,0.0977192
DET,0.611604,0.895536,0.266019,0.468456,0.100462
DET,0.613098,0.897897,0.270609,0.476605,0.103283
DET,0.619486,0.9014058,0.273552,0.481195,0.106182
DET,0.623693,0.9028599,0.282085,0.484826,0.109163
DET,0.628461,0.9052819,0.289498,0.489687,0.112228
DET,0.630596,0.9099854,0.290446,0.493476,0.115378
DET,0.63223,0.9112844,0.291072,0.498834,0.118617
DET,0.633574,0.9144334,0.295314,0.507378,0.121947
DET,0.63616,0.9191965,0.300534,0.517207,0.125371
DET,0.63862,0.9201053,0.306657,0.522678,0.12889
DET,0.649076,0.9205852,0.311755,0.531216,0.132509
DET,0.651073,0.9210786,0.329531,0.534487,0.136229
DET,0.659073,0.9232361,0.339931,0.535687,0.140053
DET,0.666138,0.9249223,0.34782,0.539691,0.143985
DET,0.669205,0.9289668,0.349203,0.548896,0.148027
DET,0.672953,0.9313478,0.357357,0.550671,0.152182
DET,0.675952,0.9317729,0.36423,0.556396,0.156455
DET,0.68189,0.93221,0.367314,0.558212,0.160847
DET,0.691165,0.9326594,0.370124,0.563448,0.165362
DET,0.700513,0.9345713,0.377099,0.568422,0.170005
DET,0.704791,0.9356322,0.379467,0.573599,0.174777
DET,0.707206,0.9362779,0.385384,0.587798,0.179684
DET,0.707943,0.9369416,0.392966,0.594276,0.184728
DET,0.711848,0.9388874,0.395629,0.599075,0.189914
DET,0.717153,0.9398819,0.408033,0.607903,0.195246
DET,0.719897,0.9400852,0.414369,0.614494,0.200727
DET,0.72446,0.9402942,0.416283,0.622838,0.206362
DET,0.727832,0.9405091,0.421924,0.62962,0.212155
DET,0.731452,0.94073,0.428772,0.634552,0.218111
DET,0.735247,0.9409571,0.447694,0.642499,0.224234
DET,0.738963,0.9411907,0.458149,0.648833,0.230529
DET,0.741639,0.9429587,0.468115,0.656374,0.237
DET,0.760987,0.9442499,0.470309,0.658643,0.243654
DET,0.763289,0.9447753,0.481298,0.662445,0.250494
DET,0.773216,0.9453157,0.493122,0.666737,0.257526
DET,0.781423,0.9467331,0.499727,0.675083,0.264756
DET,0.786961,0.9472086,0.500411,0.677413,0.272188
DET,0.792592,0.9474625,0.516651,0.685888,0.27983
DET,0.795367,0.9477235,0.522493,0.691896,0.287685
DET,0.798085,0.9479918,0.527252,0.709259,0.295761
DET,0.801485,0.9482677,0.529952,0.714749,0.304065
DET,0.807299,0.9488877,0.533266,0.722445,0.312601
DET,0.811595,0.9504798,0.540494,0.735263,0.321376
DET,0.816919,0.9547045,0.547076,0.737159,0.330398
DET,0.820981,0.9557803,0.563212,0.742055,0.339674
DET,0.825308,0.9587207,0.571166,0.752397,0.349209
DET,0.828473,0.9591398,0.580176,0.756371,0.359013
DET,0.831881,0.9595706,0.588178,0.761021,0.369091
DET,0.839208,0.9605795,0.595083,0.771197,0.379453
DET,0.841752,0.9621849,0.604749,0.777803,0.390106
DET,0.843066,0.9632092,0.614001,0.782389,0.401057
DET,0.849623,0.9640578,0.619311,0.791825,0.412316
DET,0.852523,0.9644784,0.636543,0.801746,0.423891
DET,0.85374,0.9648327,0.64302,0.809649,0.435791
DET,0.859412,0.965197,0.649698,0.81051,0.448025
DET,0.864273,0.9655715,0.654839,0.814356,0.460603
DET,0.86853,0.9662749,0.667177,0.820743,0.473533
DET,0.871803,0.9670408,0.689662,0.827749,0.486827
DET,0.873775,0.9683257,0.694746,0.839401,0.500494
DET,0.87956,0.9687149,0.703687,0.848882,0.514544
DET,0.885385,0.9689869,0.71322,0.855714,0.528989
DET,0.888191,0.9692665,0.729395,0.860207,0.54384
DET,0.890877,0.9695539,0.73371,0.866022,0.559107
DET,0.896324,0.9698495,0.746112,0.869024,0.574803
DET,0.9126571,0.9706929,0.765479,0.876678,0.59094
DET,0.9197668,0.9716749,0.774449,0.885372,0.607529
DET,0.9225675,0.9726202,0.78303,0.890613,0.624584
DET,0.9275767,0.9734328,0.788352,0.9009435,0.642119
DET,0.9317368,0.9742734,0.808598,0.9118873,0.660145
DET,0.9371912,0.9771133,0.819632,0.9176759,0.678677
DET,0.9424536,0.9806519,0.835872,0.9209098,0.697729
DET,0.9455348,0.9830713,0.847468,0.9316577,0.717318
DET,0.9547368,0.9836168,0.849431,0.9429505,0.737455
DET,0.9581504,0.9841776,0.854668,0.9474195,0.758157
DET,0.9645341,0.9861172,0.869443,0.9520749,0.779441
DET,0.9717683,0.9866949,0.878523,0.9564415,0.801323
DET,0.9727259,0.9873075,0.885491,0.9598035,0.823819
DET,0.9734979,0.9879801,0.9074103,0.968807,0.846946
DET,0.9757097,0.9887564,0.9252883,0.9752081,0.870722
DET,0.9803598,0.9899204,0.9424946,0.9844332,0.895167
DET,0.9894825,0.99481386,0.9556452,0.9852914,0.920296
DET,0.9947049,0.99793947,0.9686499,0.9881923,0.946132
DET,0.99778003,0.99856734,0.985687,0.99376589,0.972693
DET,0.99807876,0.99856734,0.999039412,0.99856734,1.0
